1.0311080474 -0.3261603552 0.3639792469 0.2627533467 0.4898591706 0.3083920711 0.2812694929 0.3125104626 -0.0745507085 0.0262851913 0.1876025161 0.0620127999 
1.4100753047 -0.5882162145 0.6303027109 -0.1142922497 0.2616370242 0.2134989406 0.4155835977 0.2606598629 -0.1460356339 0.0555920622 -0.0779067087 -0.0625576628 
1.1800696909 -0.3149416227 0.6871739515 -0.3350960461 0.2370100485 0.3962418364 0.4042549091 0.1401028230 -0.1204865822 0.1404655842 -0.1031453988 -0.1038638019 
1.6335829139 -0.0129792824 0.6138185497 0.2996975483 0.0641206250 0.1617055310 -0.0942465904 -0.1846086670 0.1343195916 0.1388700355 -0.0586069650 -0.0005404028 
1.2497090310 -0.4197155969 0.6341587209 -0.0407129294 0.1667464659 0.2619366667 0.3989699659 0.1978524992 -0.0982394099 0.0300665748 -0.1211275644 -0.1126923752 
0.9838018740 -0.5995036142 0.3131996422 0.2103920886 0.6776937060 0.2693887638 0.1709100266 0.4271920787 -0.0772413282 -0.0774882018 0.2205791929 0.0779733769 
1.4583846296 0.1406437437 0.3564493660 0.4670836605 0.6331922716 0.1938286385 -0.0989340183 0.1015699038 0.1339594460 0.0584988125 -0.0467773851 -0.0710429614 
1.4981967568 -0.4266306733 0.6665696937 0.0502434385 0.2964139649 0.0437703818 -0.3148846325 -0.0719207902 0.0147788030 -0.0238787162 -0.0133924374 0.0188407529 
1.3755344317 -0.0595305260 0.7715737914 0.0635309921 0.1227746563 0.1884195137 -0.2321159250 -0.1957556156 -0.0056104451 0.0967385903 0.0683432299 -0.0295745206 
1.4043808863 0.2753311019 0.4830613081 0.5206829384 0.3987881374 0.1127442124 0.0375085077 0.0537947623 0.0426316008 0.1164059256 -0.0002473077 -0.0485125262 
1.5269920000 0.0860309234 0.7076617517 0.3494579564 0.1235065222 0.1300518801 0.0383718648 -0.2085523393 -0.1136203697 0.1785048607 0.0389728555 -0.1005604247 
1.3258533163 -0.4743694566 0.0497385678 0.1850055624 0.6642127755 0.4210254541 0.1437947750 0.3081238179 -0.0448988702 -0.0094802709 0.1531523071 0.0124200852 
1.5347102198 -0.3226941583 0.3917853231 0.6029928938 0.3506032993 0.2347182919 0.0673353730 -0.0624259544 0.0323386254 0.0139076165 -0.1862575982 -0.0798470551 
1.4700625402 -0.1237256966 0.6389923103 0.5508713420 0.1507597820 0.1569778758 0.0806072440 -0.0990244631 -0.0064197155 0.1500228663 -0.1294106354 -0.1797188330 
1.4803555656 -0.1396888152 0.5500465158 0.5845968326 0.1872594204 0.0836976989 0.0347257248 -0.0384165055 0.0981439015 0.0512207174 -0.1984101204 -0.0920944976 
1.3078045641 -0.4028556821 0.3554721904 -0.1966512465 0.4258978205 0.2509328609 0.2766936128 0.2811608628 -0.1628976340 -0.0062415401 -0.0120244535 -0.1103855951 
1.0171155226 -0.5531134729 0.3541774764 0.1695343801 0.6069829484 0.3944875806 0.1500121817 0.3038866213 0.0380721159 -0.1455556651 0.1373621112 0.1845234123 
1.2697362119 0.3132983769 0.5860906225 0.4570226689 0.3803096291 0.2155696970 0.0056596931 0.0850899798 0.1792758980 0.0224436000 0.0062205017 0.0278845477 
1.4640331461 0.1773724539 0.4510583315 0.4810617640 0.5353329326 0.1789640528 -0.0064664325 0.0796000618 0.0525351718 -0.0504615748 0.0135366150 0.0111213928 
1.6677390511 0.1476264022 0.6720629051 0.5628134891 0.4206325985 -0.0532184869 -0.0318302964 0.0526122933 -0.0636702523 0.0197937240 0.0074011574 -0.0576960785 
1.3264632677 -0.2648465136 0.4121936614 -0.1979175890 0.2677418386 0.4662529291 0.3695780945 0.0201042618 -0.1691726042 0.0719220540 -0.0936793063 -0.0718412396 
1.5965766111 -0.4322757129 0.9580175111 -0.0224705434 0.2040904407 0.1640978477 -0.2813225333 -0.1676950006 -0.0684509326 0.0700301698 0.0630062264 -0.0763788874 
1.8620455195 -0.5314698247 0.6636892532 0.4924210779 0.2952740091 0.1557319266 0.0169397991 -0.0627078087 0.0458301800 0.0517229605 -0.1850525760 -0.1091090048 
1.5366718605 -0.2963413184 0.4946157674 -0.3082942333 0.2565818017 0.3900181802 0.3199140116 0.1488631023 -0.1132017595 0.0992086822 -0.1388350781 -0.1821138145 
1.7031795105 -0.7077241608 0.5368316993 -0.2406997517 0.2944442762 0.2678870769 0.3858317979 0.2719185874 -0.1749502699 0.0246253327 -0.0679988248 -0.0321253724 
1.3885480472 -0.3995069055 0.3970941567 0.1667346138 0.1130316621 0.3279184331 0.4245136378 0.1379756493 -0.0399950571 -0.0495128766 -0.0012948277 0.0410148676 
1.4540900000 0.2272493717 0.4720217042 0.5816772160 0.4035065352 0.0046445113 -0.0744082540 0.0792597601 0.1085614194 -0.0055335788 -0.0807740092 -0.0311956060 
1.2410117130 -0.0918998957 0.4262351217 0.0837217463 0.3034818609 0.2804258939 0.3152296348 0.1950617113 -0.1345600252 0.0186864245 -0.0687549094 -0.0558071509 
1.2666856639 -0.1010240285 0.3378390756 -0.1653272694 0.2063201402 0.3600768739 0.3384319076 0.1844571313 -0.0797059955 0.0656718060 -0.0806884935 -0.1568517445 
1.4095833545 -0.4629148254 0.3704544312 0.0015294555 0.2908509979 0.1563618548 0.3631400000 0.3433783228 -0.1127515365 -0.1367391947 -0.0048311946 0.0244485698 
1.3139905208 0.3531781108 0.6051124667 0.4204962000 0.3046210067 0.1526151745 0.0974731817 0.0022470713 -0.0494062644 0.0234814425 0.0727683626 -0.0163773792 
0.9558942290 -0.3923220034 0.3817309033 0.2516107218 0.6349856355 0.3173038598 0.1166910915 0.2717997136 0.0423325872 0.1640775152 0.0889949034 -0.0459608329 
