-161.571
-1284.46
-1602.39
-154.426
1278.65
638.025
125.998
689.823
592.776
301.635
642.788
1218.52
919.639
515.972
1236.98
1455.48
362.364
-743.257
-590.839
723.164
718.401
-547.377
-2078.1
-3097.98
-2125.73
-2881.27
-4061.9
-1522.61
-2059.64
-4954.97
-3108.11
-1769.69
-4189.91
-3848.76
-234.802
-400.913
-2813.39
-969.501
46.8124
-1571.43
43.2402
1091.11
-326.491
317.115
1547.17
530.856
102.778
1520.97
832.714
-83.5758
2094.92
2297.35
121.235
521.926
1834.14
1266.15
798.777
1809.73
1676.37
548.718
1742.45
2046.1
980.368
1857.96
2146.12
1535.26
1560.86
1590.04
1316.16
1023.83
2027.64
2174.1
1001.8
1310.8
1454.89
1339.98
-624.776
-3199.79
-440.208
1818.66
476.677
156.362
-976.646
-2637.16
-3436.16
-1459.5
2087.77
477.272
-1476.76
-789.696
-1337.45
-1204.68
-686.1
651.718
1877.61
-74.6451
-859.951
251.623
571.342
255.195
-213.369
879.749
914.281
-415.798
264.126
285.56
-864.119
-1758.38
-1692.89
-131.802
-54.9975
-2010.82
-3555.24
-2903.29
-2240.04
-2535.95
-1024.87
-679.551
-2821.73
-3227.18
-2194.2
-1457.71
-1182.65
-725.395
-258.022
-1045.71
-879.599
-297.912
-590.244
408.208
1090.51
512.399
642.192
1143.5
1135.17
411.185
673.152
1722.21
1422.14
1734.12
2421.19
1328.07
601.706
830.332
1342.36
2364.03
2640.29
1662.67
935.119
1038.12
982.75
1472.75
2462.27
2044.31
1007.76
917.258
1266.75
1297.71
1503.71
2038.36
1348.31
474.891
-119.894
-1675.03
-1137.99
714.829
515.972
-28.8008
-789.696
-1589.29
-2085.84
-2167.41
-425.324
646.36
162.912
13.4712
-635.493
-1287.43
-1542.85
-489.029
1684.11
1512.64
325.45
-60.3559
-459.26
-361.618
-218.727
592.776
1341.17
420.711
-198.484
-416.988
-1414.85
-2145.97
-1788.15
-1500.58
-2188.84
-2061.43
-1848.88
-2982.48
-3044.4
-2556.19
-2949.73
-2477
-870.073
-618.227
-1946.52
-1731.59
-950.449
-1236.23
-58.5698
1262.58
748.17
130.761
117.663
299.849
476.677
949.408
1597.18
1398.92
1413.21
1569.2
858.315
709.47
1271.51
1610.88
1519.19
1350.1
1803.78
1520.38
291.514
827.951
1396.54
892.847
1414.4
2194.35
1982.99
740.43
99.8012
955.957
1094.09
1434.64
2334.26
1610.88
739.239
566.579
889.87
1329.26
634.452
-427.705
-709.915
29.5464
641.002
114.686
-221.108
-592.03
-1554.76
-1814.34
-795.65
595.157
790.442
56.3385
-564.643
-1341.02
-1780.41
-677.765
1253.65
1510.85
-82.385
-1105.25
-821.847
-397.936
-409.844
-80.5989
231.38
-660.499
-1149.31
-776.003
-1081.43
-2047.14
-3067.62
-2212.06
-426.515
-718.251
-1564.29
-1866.74
-2932.47
-3536.78
-2097.75
-124.657
6.92199
-717.655
-1075.48
-1935.8
-1772.67
48.0032
1148.86
1359.63
1129.21
-141.923
-954.021
287.346
1692.44
1494.78
1254.84
1615.64
1197.09
848.789
1528.71
1430.48
599.92
1337
2450.36
2064.55
1525.74
1294.73
393.324
368.913
1957.39
2306.28
1538.24
